1,1
1,2
1,3
1,4
1,5
1,6
1,7
1,8
1,9
1,10
1,11
1,12
1,13
1,14
1,15
1,16
1,17
1,18
1,19
1,20
2,1
3,1
4,1
5,1
6,1
7,1
8,1
9,1
10,1
11,1
12,1
13,1
14,1
15,1
16,1
17,1
18,1
19,1
20,1
1,20
2,20
3,20
4,20
5,20
6,20
7,20
8,20
9,20
11,20
12,20
13,20
14,20
15,20
16,20
17,20
18,20
19,20
20,20
20,1
20,2
20,3
20,4
20,5
20,8
20,9
20,10
20,11
20,12
20,13
20,14
20,15
20,16
20,17
20,18
20,19
20,20
3,2
4,2
9,5
13,4
14,5
15,7
14,9
5,5
4,6
3,8
6,7
6,8
7,7
8,7
9,7
10,8
10,9
9,9
8,8
7,8
6,10
9,12
9,14
9,15
8,14
12,12
13,12
14,12
5,14
6,16
17,16
17,17